100
500
0 39 26
1 96 35
2 79 30
3 99 12
4 58 17
5 84 28
6 2 49
7 73 7
8 50 36
9 4 25
10 0 27
11 54 40
12 94 16
13 60 11
14 11 44
15 16 17
16 17 41
17 66 21
18 73 20
19 56 48
20 24 30
21 54 24
22 89 24
23 7 27
24 10 26
25 46 25
26 20 43
27 21 2
28 7 36
29 41 7
30 16 8
31 12 49
32 46 21
33 30 20
34 37 16
35 52 10
36 59 3
37 55 10
38 3 6
39 3 12
40 91 1
41 0 16
42 40 49
43 27 14
44 98 40
45 2 36
46 8 3
47 31 4
48 99 26
49 60 1
50 12 20
51 55 35
52 93 34
53 35 7
54 38 30
55 7 28
56 29 18
57 5 30
58 47 20
59 37 12
60 50 10
61 83 32
62 60 23
63 44 7
64 99 25
65 83 7
66 38 39
67 63 9
68 1 11
69 9 40
70 51 21
71 80 39
72 46 27
73 27 26
74 48 11
75 56 17
76 58 16
77 87 21
78 64 18
79 16 19
80 32 4
81 66 21
82 78 38
83 37 2
84 1 39
85 48 3
86 73 32
87 2 32
88 58 3
89 51 22
90 74 28
91 50 35
92 79 20
93 22 34
94 19 3
95 80 24
96 74 30
97 36 44
98 2 29
99 30 42
0 24 9
1 7 16
2 3 46
3 47 39
4 3 48
5 45 5
6 30 2
7 32 26
8 29 1
9 99 36
10 88 47
11 33 32
12 64 30
13 1 32
14 29 25
15 35 5
16 99 29
17 31 34
18 56 21
19 33 12
20 92 38
21 67 46
22 21 19
23 78 15
24 22 33
25 18 21
26 33 25
27 80 30
28 89 31
29 68 8
30 13 47
31 4 47
32 3 6
33 87 21
34 77 27
35 60 13
36 83 3
37 50 21
38 79 22
39 4 10
40 32 23
41 56 18
42 92 20
43 67 24
44 32 46
45 22 39
46 31 11
47 35 25
48 18 40
49 35 34
50 19 39
51 38 24
52 58 25
53 32 23
54 41 35
55 98 21
56 13 11
57 37 29
58 87 17
59 15 37
60 78 20
61 60 46
62 32 43
63 75 34
64 63 2
65 82 3
66 60 17
67 88 46
68 81 7
69 79 5
70 69 9
71 10 29
72 79 14
73 77 46
74 52 28
75 68 40
76 66 23
77 4 38
78 69 31
79 66 49
80 7 1
81 39 41
82 67 7
83 12 25
84 67 24
85 6 36
86 66 28
87 18 22
88 95 1
89 11 25
90 38 9
91 88 5
92 22 1
93 75 47
94 89 30
95 90 3
96 37 37
97 38 38
98 49 12
99 84 17
0 82 21
1 48 26
2 49 11
3 37 35
4 7 45
5 10 12
6 67 44
7 86 42
8 1 7
9 11 1
10 60 31
11 17 21
12 0 49
13 96 10
14 79 43
15 65 4
16 98 26
17 85 28
18 14 46
19 87 25
20 49 41
21 98 40
22 62 13
23 13 45
24 49 36
25 19 21
26 11 19
27 46 44
28 35 2
29 40 28
30 41 22
31 57 23
32 26 22
33 32 47
34 5 7
35 71 33
36 51 27
37 23 11
38 22 32
39 60 22
40 58 4
41 72 20
42 25 1
43 75 39
44 5 15
45 62 38
46 97 32
47 65 35
48 54 20
49 91 42
50 83 16
51 52 9
52 67 40
53 88 13
54 91 43
55 88 39
56 60 40
57 38 24
58 50 11
59 68 30
60 71 4
61 79 1
62 51 29
63 3 44
64 30 38
65 60 31
66 51 17
67 98 26
68 52 48
69 22 35
70 45 7
71 6 36
72 94 19
73 40 36
74 25 5
75 77 19
76 80 41
77 18 9
78 72 11
79 51 14
80 86 35
81 89 33
82 47 31
83 56 46
84 46 17
85 35 7
86 63 32
87 39 43
88 16 33
89 61 1
90 73 40
91 34 1
92 54 46
93 54 2
94 95 42
95 2 19
96 14 10
97 73 6
98 97 43
99 13 19
0 42 34
1 84 24
2 65 39
3 50 48
4 92 23
5 54 35
6 72 47
7 19 7
8 18 20
9 6 6
10 9 41
11 95 17
12 14 16
13 51 40
14 83 32
15 61 13
16 10 29
17 97 27
18 62 5
19 37 29
20 37 4
21 41 21
22 5 24
23 34 21
24 62 40
25 96 2
26 54 42
27 89 14
28 11 42
29 82 48
30 29 3
31 3 13
32 86 37
33 51 28
34 6 37
35 6 6
36 99 24
37 78 21
38 91 42
39 92 46
40 7 22
41 48 3
42 51 7
43 16 8
44 72 11
45 88 5
46 26 11
47 46 26
48 71 25
49 45 32
50 3 8
51 31 33
52 56 14
53 10 40
54 61 37
55 78 1
56 82 27
57 80 39
58 62 8
59 36 22
60 36 2
61 95 33
62 27 3
63 42 9
64 57 17
65 12 14
66 70 33
67 39 32
68 35 4
69 41 48
70 38 15
71 16 23
72 60 36
73 52 9
74 4 8
75 61 37
76 48 1
77 34 9
78 18 42
79 17 30
80 64 41
81 74 42
82 73 1
83 8 9
84 83 34
85 98 42
86 15 49
87 25 17
88 22 3
89 71 20
90 69 6
91 57 44
92 97 42
93 50 41
94 11 44
95 28 43
96 82 21
97 84 27
98 0 25
99 89 3
0 51 38
1 77 47
2 82 24
3 6 8
4 72 36
5 67 1
6 44 39
7 72 23
8 96 5
9 93 43
10 33 4
11 70 5
12 36 41
13 94 25
14 93 8
15 55 4
16 63 49
17 82 13
18 66 9
19 42 40
20 8 31
21 10 31
22 69 30
23 77 44
24 14 4
25 28 18
26 9 3
27 68 47
28 74 9
29 65 14
30 83 6
31 65 15
32 19 31
33 85 48
34 43 35
35 30 26
36 12 21
37 93 6
38 2 37
39 26 49
40 80 13
41 92 42
42 19 38
43 90 21
44 70 26
45 74 38
46 85 15
47 12 32
48 77 5
49 44 43
50 27 27
51 84 14
52 10 4
53 45 49
54 11 2
55 29 46
56 24 31
57 39 33
58 30 12
59 31 28
60 81 45
61 69 19
62 18 23
63 72 37
64 13 4
65 91 25
66 44 11
67 85 49
68 96 39
69 12 18
70 98 42
71 59 21
72 90 20
73 79 15
74 98 23
75 31 31
76 8 8
77 91 15
78 79 2
79 9 32
80 12 2
81 87 29
82 4 47
83 2 49
84 54 29
85 3 44
86 65 6
87 73 21
88 61 35
89 95 11
90 52 39
91 43 26
92 94 31
93 76 48
94 14 15
95 45 2
96 15 5
97 57 38
98 90 36
99 39 44
