500
1000
0 244 34
1 252 38
2 251 28
3 400 40
4 85 38
5 347 40
6 442 28
7 408 24
8 159 4
9 341 3
10 487 17
11 476 15
12 406 10
13 441 48
14 269 27
15 358 22
16 260 35
17 363 10
18 244 44
19 435 19
20 247 41
21 197 49
22 43 18
23 273 24
24 57 14
25 133 43
26 79 7
27 277 16
28 400 46
29 143 41
30 292 33
31 399 37
32 6 42
33 295 7
34 422 35
35 32 15
36 359 15
37 319 2
38 323 47
39 314 28
40 345 17
41 218 16
42 477 7
43 401 16
44 135 28
45 435 31
46 181 14
47 345 39
48 163 36
49 290 34
50 167 13
51 457 11
52 6 5
53 272 9
54 461 10
55 401 32
56 451 14
57 140 14
58 338 28
59 398 25
60 374 14
61 278 34
62 199 45
63 307 13
64 304 7
65 137 45
66 222 41
67 241 35
68 489 15
69 285 7
70 90 18
71 303 30
72 371 19
73 452 36
74 397 46
75 240 48
76 492 16
77 468 21
78 305 44
79 269 3
80 377 7
81 131 37
82 287 42
83 417 4
84 216 2
85 456 30
86 231 38
87 29 26
88 60 38
89 305 32
90 7 17
91 29 24
92 196 12
93 83 28
94 343 20
95 302 13
96 481 45
97 419 15
98 363 48
99 421 40
100 455 49
101 31 15
102 214 24
103 135 16
104 201 25
105 309 11
106 83 46
107 435 41
108 401 10
109 151 8
110 76 47
111 311 3
112 74 14
113 423 37
114 32 34
115 261 37
116 377 1
117 290 8
118 90 10
119 219 47
120 248 40
121 487 20
122 255 35
123 250 5
124 161 44
125 433 20
126 355 25
127 182 28
128 369 27
129 163 48
130 155 8
131 410 29
132 18 44
133 55 22
134 493 4
135 379 31
136 67 27
137 440 29
138 499 14
139 48 26
140 61 2
141 191 17
142 104 40
143 461 1
144 331 34
145 76 32
146 198 24
147 369 22
148 410 8
149 196 5
150 404 29
151 123 16
152 126 5
153 25 41
154 55 9
155 164 33
156 236 31
157 348 4
158 391 14
159 40 38
160 311 49
161 167 41
162 340 19
163 51 14
164 180 46
165 0 10
166 99 45
167 406 41
168 413 7
169 186 25
170 347 31
171 76 24
172 89 10
173 220 19
174 453 22
175 227 13
176 366 7
177 356 21
178 179 17
179 144 1
180 235 46
181 401 24
182 445 11
183 266 5
184 200 49
185 343 34
186 307 48
187 289 48
188 434 48
189 244 44
190 71 11
191 496 36
192 2 12
193 177 5
194 470 29
195 282 22
196 103 34
197 262 8
198 400 36
199 51 31
200 386 38
201 115 29
202 144 1
203 260 3
204 350 7
205 347 5
206 226 2
207 185 19
208 120 31
209 89 10
210 50 16
211 93 43
212 81 43
213 265 31
214 386 12
215 188 4
216 449 14
217 70 13
218 416 15
219 454 49
220 245 4
221 311 29
222 201 9
223 20 44
224 283 36
225 81 10
226 103 13
227 56 2
228 5 28
229 216 41
230 100 18
231 4 16
232 353 23
233 41 11
234 35 13
235 471 38
236 199 33
237 404 15
238 357 23
239 90 5
240 107 40
241 303 7
242 451 1
243 177 5
244 323 17
245 10 29
246 263 16
247 290 6
248 237 44
249 436 49
250 142 11
251 102 11
252 136 20
253 346 3
254 201 12
255 62 18
256 146 19
257 390 5
258 36 41
259 260 20
260 178 1
261 248 3
262 235 13
263 260 22
264 469 20
265 276 21
266 406 28
267 432 26
268 403 7
269 177 10
270 38 17
271 356 23
272 319 24
273 454 33
274 456 1
275 0 2
276 243 11
277 196 14
278 430 25
279 454 38
280 131 36
281 279 23
282 298 36
283 214 17
284 54 27
285 93 26
286 499 7
287 185 46
288 152 2
289 79 5
290 76 19
291 368 37
292 207 49
293 272 46
294 43 7
295 109 22
296 325 34
297 356 24
298 284 14
299 319 43
300 247 48
301 338 32
302 370 19
303 311 21
304 262 26
305 352 26
306 448 14
307 370 2
308 494 19
309 155 9
310 400 1
311 22 27
312 131 2
313 350 15
314 39 26
315 443 5
316 296 22
317 327 34
318 116 13
319 184 38
320 438 20
321 427 19
322 149 19
323 459 44
324 66 8
325 218 42
326 238 34
327 273 12
328 49 28
329 102 46
330 344 38
331 62 40
332 217 41
333 294 34
334 347 21
335 333 30
336 451 43
337 320 45
338 121 17
339 384 32
340 343 9
341 89 32
342 498 40
343 463 21
344 143 15
345 352 36
346 293 45
347 475 38
348 245 46
349 160 43
350 205 47
351 467 43
352 35 19
353 365 31
354 477 41
355 72 13
356 380 18
357 171 37
358 164 35
359 243 39
360 104 3
361 63 14
362 236 3
363 165 47
364 114 23
365 439 15
366 448 43
367 66 49
368 57 36
369 448 48
370 135 26
371 349 45
372 196 37
373 493 29
374 25 47
375 157 13
376 332 48
377 324 49
378 186 17
379 412 26
380 327 44
381 488 26
382 118 9
383 41 25
384 7 28
385 10 16
386 275 10
387 209 39
388 419 7
389 161 13
390 18 4
391 225 17
392 22 38
393 335 42
394 444 6
395 133 9
396 248 40
397 215 19
398 393 11
399 488 28
400 229 34
401 210 29
402 89 25
403 31 39
404 341 46
405 90 26
406 201 11
407 252 30
408 495 8
409 333 18
410 61 9
411 372 13
412 405 11
413 90 7
414 155 23
415 323 18
416 24 18
417 471 27
418 159 36
419 199 19
420 67 22
421 98 35
422 173 5
423 266 15
424 450 20
425 46 37
426 79 5
427 347 25
428 308 35
429 17 47
430 2 3
431 277 31
432 120 16
433 328 16
434 334 47
435 368 3
436 247 39
437 224 9
438 415 13
439 473 33
440 451 20
441 192 29
442 205 48
443 392 12
444 479 45
445 374 5
446 35 18
447 351 18
448 28 42
449 496 31
450 315 16
451 343 1
452 76 4
453 316 25
454 177 23
455 48 19
456 459 12
457 128 1
458 112 47
459 177 27
460 343 43
461 47 38
462 215 24
463 257 4
464 77 11
465 385 27
466 368 33
467 364 46
468 287 13
469 40 32
470 360 34
471 262 5
472 451 45
473 222 39
474 218 44
475 398 25
476 484 6
477 216 28
478 250 23
479 142 1
480 378 2
481 32 44
482 70 41
483 311 26
484 74 33
485 84 26
486 298 46
487 414 48
488 375 23
489 48 25
490 218 34
491 12 44
492 96 35
493 56 11
494 75 46
495 293 44
496 349 31
497 314 16
498 269 34
499 232 14
0 163 7
1 272 16
2 372 7
3 409 40
4 108 1
5 331 38
6 479 6
7 246 21
8 39 9
9 486 34
10 263 40
11 225 9
12 454 47
13 89 37
14 336 24
15 403 6
16 291 35
17 179 23
18 340 27
19 268 25
20 24 35
21 175 8
22 101 40
23 61 19
24 313 47
25 491 4
26 100 46
27 41 14
28 388 9
29 495 16
30 341 4
31 487 18
32 268 5
33 242 23
34 378 3
35 312 6
36 144 32
37 158 4
38 408 21
39 281 22
40 124 4
41 128 26
42 15 38
43 494 44
44 180 17
45 242 48
46 471 39
47 107 13
48 353 24
49 96 8
50 35 9
51 48 41
52 280 8
53 163 17
54 277 36
55 160 1
56 63 23
57 463 49
58 491 9
59 339 9
60 356 41
61 158 35
62 200 18
63 289 45
64 9 25
65 139 26
66 39 16
67 133 48
68 13 9
69 74 14
70 229 29
71 258 17
72 259 46
73 224 14
74 485 47
75 477 31
76 312 33
77 342 6
78 223 7
79 281 25
80 264 29
81 71 10
82 64 28
83 51 25
84 215 15
85 167 44
86 142 20
87 42 48
88 351 1
89 69 16
90 69 40
91 330 8
92 5 28
93 219 36
94 19 7
95 387 12
96 1 11
97 168 14
98 478 17
99 122 6
100 205 26
101 213 1
102 258 39
103 10 26
104 204 42
105 294 36
106 399 7
107 150 36
108 191 45
109 376 10
110 147 29
111 246 24
112 213 32
113 181 4
114 453 14
115 76 36
116 308 11
117 127 28
118 59 48
119 453 10
120 266 4
121 417 46
122 427 5
123 470 25
124 109 13
125 241 19
126 345 24
127 300 23
128 270 8
129 263 36
130 206 9
131 383 47
132 309 27
133 287 48
134 308 35
135 229 11
136 477 13
137 39 49
138 458 49
139 349 41
140 211 27
141 336 11
142 490 30
143 305 41
144 240 3
145 65 14
146 216 35
147 287 45
148 466 24
149 396 39
150 79 14
151 400 11
152 231 37
153 214 18
154 46 3
155 156 37
156 38 34
157 102 36
158 169 37
159 36 20
160 304 39
161 408 1
162 121 22
163 377 29
164 200 46
165 383 25
166 215 26
167 496 16
168 490 14
169 360 49
170 183 19
171 410 27
172 439 37
173 81 48
174 355 2
175 142 28
176 89 14
177 58 36
178 315 44
179 53 48
180 85 8
181 287 4
182 404 3
183 366 47
184 124 14
185 406 6
186 233 4
187 443 7
188 479 49
189 346 40
190 448 39
191 45 15
192 472 40
193 280 18
194 153 19
195 217 1
196 133 1
197 215 17
198 303 36
199 417 41
200 145 21
201 130 23
202 126 9
203 103 8
204 231 21
205 452 9
206 51 10
207 4 9
208 389 29
209 465 34
210 348 7
211 265 38
212 443 26
213 200 28
214 399 8
215 488 23
216 438 31
217 313 17
218 32 22
219 462 37
220 246 46
221 92 34
222 233 41
223 240 13
224 64 7
225 486 46
226 218 18
227 248 38
228 341 28
229 381 9
230 155 7
231 134 27
232 292 24
233 253 43
234 387 13
235 91 15
236 379 9
237 137 23
238 443 10
239 80 15
240 62 34
241 213 3
242 8 30
243 176 7
244 252 38
245 262 44
246 348 39
247 354 40
248 439 39
249 447 9
250 498 12
251 468 27
252 13 38
253 86 12
254 306 6
255 37 2
256 242 27
257 266 11
258 442 34
259 467 23
260 128 12
261 101 43
262 65 42
263 303 39
264 1 22
265 268 35
266 323 22
267 444 1
268 201 19
269 222 2
270 29 41
271 382 24
272 418 20
273 272 16
274 376 26
275 494 31
276 120 29
277 155 22
278 77 29
279 233 43
280 84 41
281 232 33
282 158 11
283 265 35
284 458 44
285 375 4
286 106 10
287 404 32
288 229 26
289 190 48
290 353 37
291 289 14
292 22 47
293 239 9
294 437 42
295 474 35
296 487 28
297 250 47
298 265 40
299 350 25
300 132 43
301 467 21
302 207 19
303 102 27
304 82 34
305 184 15
306 373 13
307 443 35
308 47 48
309 430 20
310 88 44
311 14 28
312 391 1
313 138 19
314 140 49
315 19 49
316 112 7
317 89 42
318 327 4
319 392 39
320 452 10
321 241 43
322 129 32
323 353 37
324 131 16
325 131 11
326 463 23
327 135 41
328 441 31
329 290 32
330 452 16
331 272 48
332 465 42
333 64 15
334 187 22
335 187 40
336 109 26
337 10 26
338 54 29
339 427 3
340 78 13
341 428 44
342 213 30
343 30 10
344 329 44
345 401 13
346 390 34
347 342 31
348 314 6
349 67 30
350 57 12
351 210 29
352 171 27
353 111 16
354 24 10
355 183 47
356 269 35
357 25 45
358 137 27
359 25 32
360 82 48
361 166 33
362 361 14
363 382 27
364 6 23
365 103 46
366 72 47
367 403 12
368 419 30
369 488 22
370 195 12
371 194 5
372 226 11
373 37 41
374 96 31
375 301 36
376 282 31
377 315 46
378 426 1
379 396 4
380 452 26
381 49 29
382 148 7
383 341 31
384 227 21
385 425 10
386 167 33
387 146 22
388 364 49
389 326 31
390 25 31
391 87 10
392 396 3
393 216 39
394 328 10
395 134 49
396 182 1
397 396 30
398 239 37
399 153 18
400 447 46
401 399 26
402 301 9
403 77 28
404 399 48
405 468 29
406 240 12
407 377 14
408 123 8
409 497 12
410 53 13
411 388 33
412 474 13
413 382 24
414 484 17
415 454 9
416 474 14
417 496 15
418 284 13
419 394 22
420 90 12
421 354 3
422 297 48
423 129 18
424 60 17
425 7 35
426 338 29
427 165 28
428 142 25
429 150 29
430 427 48
431 208 27
432 344 1
433 182 35
434 62 44
435 269 38
436 227 28
437 86 25
438 476 41
439 335 2
440 25 40
441 87 4
442 183 18
443 142 16
444 301 7
445 54 15
446 113 45
447 337 20
448 334 6
449 418 11
450 419 35
451 241 7
452 217 29
453 134 39
454 401 30
455 22 5
456 450 32
457 37 23
458 40 40
459 73 25
460 204 19
461 36 16
462 374 19
463 340 43
464 73 48
465 80 33
466 188 36
467 193 3
468 29 28
469 354 26
470 365 5
471 165 13
472 267 35
473 448 24
474 74 38
475 211 2
476 498 9
477 103 29
478 303 36
479 264 36
480 69 12
481 130 20
482 437 28
483 297 39
484 78 22
485 26 6
486 245 2
487 378 15
488 88 31
489 106 28
490 131 47
491 264 17
492 0 36
493 83 34
494 157 18
495 238 28
496 268 32
497 304 20
498 407 6
499 424 26
