1000
2000
0 423 36
1 225 47
2 811 16
3 335 8
4 699 38
5 151 44
6 290 26
7 121 14
8 513 43
9 879 31
10 873 40
11 33 11
12 229 20
13 746 25
14 201 40
15 281 37
16 655 49
17 362 46
18 122 24
19 770 7
20 89 18
21 35 34
22 485 21
23 903 46
24 64 14
25 954 25
26 369 45
27 425 2
28 844 30
29 46 2
30 665 25
31 319 35
32 849 26
33 224 15
34 512 26
35 433 12
36 211 21
37 94 10
38 266 44
39 607 39
40 657 36
41 59 17
42 671 40
43 644 36
44 726 8
45 652 12
46 536 11
47 955 33
48 595 28
49 934 37
50 251 38
51 695 49
52 649 39
53 800 37
54 844 49
55 345 1
56 412 47
57 444 21
58 702 27
59 796 3
60 183 6
61 823 9
62 35 1
63 925 39
64 492 33
65 46 16
66 456 19
67 146 47
68 134 19
69 926 33
70 559 19
71 397 48
72 707 20
73 610 3
74 180 22
75 399 39
76 184 33
77 246 22
78 828 33
79 83 31
80 738 22
81 959 12
82 389 46
83 519 32
84 492 18
85 238 35
86 619 40
87 229 8
88 708 15
89 977 7
90 323 38
91 642 27
92 243 36
93 600 42
94 93 11
95 65 34
96 349 12
97 844 46
98 75 42
99 997 47
100 568 46
101 296 15
102 454 42
103 176 1
104 534 12
105 644 11
106 736 43
107 143 7
108 54 48
109 198 26
110 822 47
111 976 33
112 716 16
113 122 15
114 964 32
115 914 39
116 679 49
117 835 20
118 444 13
119 67 46
120 434 29
121 750 2
122 194 35
123 397 30
124 267 3
125 971 21
126 933 19
127 380 19
128 71 17
129 400 31
130 446 36
131 423 14
132 407 9
133 488 26
134 335 46
135 63 29
136 227 25
137 900 46
138 574 26
139 85 11
140 918 38
141 423 22
142 919 24
143 138 22
144 923 14
145 356 10
146 927 23
147 259 24
148 988 44
149 590 39
150 954 43
151 383 34
152 348 25
153 839 16
154 825 41
155 822 12
156 280 9
157 159 42
158 89 42
159 650 5
160 354 25
161 626 19
162 93 14
163 269 33
164 201 18
165 666 42
166 487 5
167 535 7
168 980 32
169 757 16
170 498 41
171 657 22
172 193 42
173 312 8
174 47 8
175 461 38
176 873 39
177 959 31
178 7 15
179 611 46
180 261 17
181 709 15
182 1 24
183 838 40
184 514 5
185 29 30
186 482 6
187 986 30
188 908 16
189 412 3
190 663 5
191 812 27
192 668 32
193 23 34
194 760 11
195 272 13
196 435 19
197 779 34
198 0 41
199 892 33
200 637 36
201 148 8
202 345 33
203 686 19
204 452 23
205 454 29
206 926 17
207 412 39
208 631 48
209 90 3
210 582 6
211 653 3
212 776 27
213 353 34
214 614 20
215 93 34
216 760 37
217 34 2
218 283 44
219 965 12
220 468 6
221 70 8
222 577 12
223 270 46
224 134 30
225 839 46
226 179 45
227 801 36
228 42 44
229 434 12
230 499 35
231 352 31
232 980 21
233 730 3
234 134 22
235 446 48
236 16 14
237 149 35
238 787 6
239 690 15
240 763 43
241 574 27
242 537 36
243 212 6
244 298 6
245 175 37
246 432 12
247 396 16
248 724 11
249 729 18
250 244 2
251 860 49
252 260 11
253 807 48
254 721 13
255 381 18
256 756 36
257 943 24
258 116 22
259 518 39
260 972 24
261 643 31
262 714 30
263 197 47
264 498 7
265 978 20
266 206 6
267 41 5
268 860 30
269 414 2
270 319 32
271 967 42
272 742 3
273 403 4
274 343 16
275 191 17
276 164 11
277 679 30
278 183 7
279 612 47
280 575 27
281 781 38
282 255 25
283 857 22
284 548 20
285 649 30
286 988 27
287 542 36
288 991 15
289 544 41
290 846 12
291 214 29
292 925 39
293 785 48
294 353 39
295 819 48
296 767 5
297 249 26
298 691 11
299 514 26
300 607 8
301 253 49
302 874 46
303 743 13
304 837 46
305 800 33
306 207 36
307 683 12
308 240 14
309 321 29
310 885 21
311 63 34
312 549 17
313 91 20
314 910 32
315 531 18
316 671 32
317 975 22
318 375 7
319 196 47
320 189 29
321 162 36
322 500 35
323 837 20
324 198 20
325 395 12
326 48 7
327 885 5
328 602 6
329 481 1
330 79 34
331 682 1
332 718 2
333 129 2
334 622 33
335 947 47
336 64 39
337 391 43
338 414 36
339 491 35
340 334 45
341 75 25
342 550 11
343 199 1
344 80 36
345 725 8
346 879 40
347 4 1
348 662 42
349 91 6
350 533 31
351 741 30
352 778 7
353 521 41
354 23 18
355 574 8
356 747 17
357 804 14
358 689 24
359 775 33
360 482 17
361 906 31
362 533 10
363 704 49
364 963 9
365 189 31
366 588 42
367 592 25
368 689 38
369 384 45
370 923 38
371 130 26
372 734 38
373 782 26
374 346 14
375 418 34
376 599 45
377 431 11
378 335 2
379 384 10
380 823 24
381 304 35
382 97 15
383 697 44
384 934 40
385 0 42
386 557 20
387 424 32
388 967 15
389 511 46
390 115 7
391 428 30
392 931 41
393 131 25
394 29 38
395 278 49
396 541 31
397 999 26
398 135 18
399 565 11
400 953 20
401 512 1
402 546 42
403 685 16
404 723 36
405 929 10
406 87 19
407 475 31
408 821 39
409 753 31
410 854 30
411 220 4
412 132 18
413 386 12
414 731 1
415 639 47
416 111 26
417 28 42
418 843 16
419 822 28
420 857 31
421 654 29
422 858 41
423 189 30
424 458 10
425 127 44
426 466 41
427 425 19
428 4 17
429 908 8
430 2 10
431 181 30
432 299 28
433 27 11
434 601 3
435 122 26
436 78 17
437 76 30
438 267 18
439 133 8
440 556 38
441 990 8
442 179 28
443 569 9
444 837 13
445 766 38
446 688 29
447 156 22
448 334 18
449 942 32
450 638 25
451 129 45
452 96 29
453 441 15
454 156 49
455 223 8
456 420 21
457 984 7
458 724 28
459 927 6
460 689 12
461 598 42
462 500 43
463 831 40
464 117 8
465 723 6
466 208 20
467 711 4
468 948 40
469 372 13
470 728 8
471 625 14
472 261 17
473 828 37
474 255 37
475 31 39
476 634 30
477 8 22
478 462 41
479 245 1
480 907 25
481 216 46
482 206 1
483 680 36
484 968 19
485 896 42
486 709 1
487 152 41
488 273 25
489 194 28
490 772 17
491 377 42
492 237 35
493 52 47
494 533 32
495 899 3
496 413 32
497 814 2
498 255 3
499 958 9
500 301 40
501 84 20
502 36 37
503 231 47
504 135 44
505 590 24
506 60 25
507 360 12
508 442 25
509 881 2
510 576 4
511 620 12
512 685 6
513 733 37
514 362 8
515 190 20
516 920 10
517 890 23
518 474 9
519 821 12
520 225 17
521 908 34
522 878 11
523 278 14
524 904 5
525 388 17
526 86 6
527 319 29
528 943 46
529 840 22
530 143 34
531 484 25
532 394 10
533 293 7
534 921 29
535 926 26
536 3 6
537 263 28
538 192 33
539 351 38
540 846 47
541 624 6
542 239 33
543 720 16
544 282 3
545 82 6
546 661 44
547 382 22
548 856 29
549 356 6
550 898 21
551 295 4
552 586 45
553 130 34
554 431 25
555 76 7
556 596 41
557 741 1
558 966 16
559 945 33
560 393 11
561 294 37
562 761 47
563 681 12
564 395 30
565 225 9
566 784 42
567 15 46
568 610 30
569 627 14
570 10 28
571 897 34
572 913 43
573 270 19
574 57 35
575 911 49
576 58 13
577 578 5
578 504 14
579 285 20
580 98 41
581 262 15
582 506 35
583 269 1
584 754 11
585 65 40
586 695 40
587 388 13
588 868 8
589 811 11
590 91 46
591 319 37
592 244 33
593 971 44
594 394 48
595 309 21
596 431 4
597 94 20
598 231 8
599 833 49
600 200 25
601 894 13
602 404 20
603 378 44
604 532 47
605 801 10
606 164 32
607 242 31
608 366 27
609 232 21
610 223 32
611 797 34
612 7 49
613 983 3
614 964 9
615 22 8
616 688 46
617 514 15
618 319 4
619 54 12
620 107 2
621 154 2
622 678 16
623 699 17
624 64 21
625 115 20
626 973 48
627 202 1
628 224 37
629 106 19
630 786 7
631 371 16
632 276 20
633 865 8
634 396 39
635 173 13
636 120 38
637 574 24
638 187 29
639 215 24
640 894 37
641 836 31
642 25 31
643 7 19
644 296 39
645 419 16
646 977 23
647 309 4
648 742 20
649 491 4
650 163 18
651 565 1
652 867 19
653 309 13
654 309 19
655 322 21
656 705 8
657 816 34
658 911 18
659 788 22
660 628 20
661 605 23
662 689 23
663 199 25
664 575 11
665 680 18
666 147 21
667 647 32
668 739 25
669 740 44
670 538 49
671 833 12
672 45 48
673 442 8
674 373 37
675 930 34
676 825 8
677 341 16
678 95 24
679 250 9
680 484 15
681 856 28
682 993 46
683 687 33
684 260 8
685 459 32
686 507 8
687 669 1
688 761 12
689 847 36
690 242 19
691 214 20
692 420 13
693 645 11
694 318 9
695 231 1
696 646 41
697 77 3
698 227 14
699 150 48
700 563 4
701 494 27
702 863 18
703 55 4
704 60 27
705 842 14
706 789 2
707 975 34
708 310 44
709 673 20
710 144 45
711 694 13
712 895 32
713 447 49
714 950 25
715 14 33
716 28 23
717 30 41
718 385 45
719 601 34
720 608 28
721 120 17
722 876 3
723 141 37
724 34 42
725 402 23
726 743 26
727 176 47
728 84 41
729 239 27
730 209 30
731 905 11
732 174 1
733 707 11
734 478 10
735 671 44
736 903 48
737 696 18
738 540 4
739 402 48
740 749 23
741 343 12
742 312 41
743 773 20
744 918 24
745 747 34
746 594 37
747 429 10
748 160 44
749 403 42
750 129 28
751 371 40
752 635 16
753 382 25
754 727 19
755 446 40
756 995 48
757 122 41
758 606 15
759 333 13
760 769 21
761 116 39
762 855 26
763 211 22
764 772 32
765 423 32
766 415 1
767 412 8
768 84 47
769 859 16
770 736 7
771 403 47
772 796 6
773 520 33
774 91 35
775 376 31
776 280 8
777 939 25
778 234 19
779 433 43
780 75 46
781 232 7
782 723 7
783 826 15
784 681 39
785 968 39
786 478 18
787 512 13
788 840 3
789 185 43
790 627 45
791 568 33
792 637 47
793 182 33
794 608 44
795 268 39
796 201 45
797 274 25
798 518 13
799 507 10
800 21 12
801 333 20
802 491 24
803 257 29
804 899 15
805 394 47
806 434 11
807 6 29
808 923 19
809 463 24
810 371 28
811 163 12
812 559 36
813 718 23
814 731 27
815 676 9
816 31 47
817 867 32
818 176 37
819 902 33
820 305 28
821 270 10
822 440 35
823 914 13
824 277 4
825 921 31
826 174 42
827 182 14
828 6 9
829 801 22
830 937 32
831 680 15
832 319 12
833 184 10
834 716 16
835 145 30
836 259 10
837 648 1
838 407 2
839 746 20
840 346 47
841 151 30
842 951 48
843 813 34
844 242 26
845 27 13
846 667 40
847 977 31
848 247 24
849 772 38
850 976 38
851 308 5
852 333 24
853 7 43
854 53 27
855 518 31
856 832 31
857 994 12
858 676 26
859 204 28
860 424 30
861 571 32
862 910 39
863 976 34
864 396 3
865 136 11
866 712 32
867 593 6
868 69 4
869 505 2
870 658 25
871 45 13
872 68 5
873 129 4
874 312 25
875 335 42
876 557 7
877 533 34
878 879 28
879 964 4
880 337 30
881 154 49
882 658 6
883 79 24
884 192 19
885 577 24
886 169 28
887 580 10
888 961 12
889 880 27
890 637 24
891 561 4
892 649 13
893 854 17
894 313 49
895 705 30
896 786 28
897 206 2
898 183 17
899 516 31
900 158 11
901 258 7
902 843 21
903 997 9
904 767 14
905 212 48
906 340 43
907 202 46
908 173 46
909 369 30
910 794 7
911 998 24
912 592 7
913 298 37
914 732 1
915 474 25
916 407 44
917 174 23
918 827 10
919 749 9
920 400 47
921 768 34
922 998 5
923 833 45
924 16 40
925 42 26
926 222 28
927 372 46
928 490 34
929 671 14
930 139 25
931 83 6
932 975 34
933 284 21
934 750 45
935 118 2
936 15 1
937 602 2
938 66 2
939 102 47
940 633 17
941 817 11
942 691 34
943 434 31
944 539 27
945 144 47
946 928 15
947 912 19
948 380 19
949 496 46
950 840 5
951 155 11
952 330 5
953 935 47
954 101 12
955 142 28
956 342 6
957 38 26
958 13 38
959 737 12
960 695 43
961 875 7
962 773 19
963 2 1
964 327 35
965 458 11
966 389 48
967 990 25
968 70 49
969 79 12
970 148 18
971 23 23
972 9 26
973 820 37
974 514 46
975 601 15
976 454 37
977 27 7
978 47 1
979 230 29
980 591 29
981 841 28
982 922 46
983 833 49
984 873 32
985 55 43
986 246 21
987 89 13
988 451 19
989 545 26
990 605 9
991 607 32
992 891 32
993 330 24
994 467 10
995 848 35
996 953 49
997 738 37
998 589 43
999 716 18
0 303 9
1 235 26
2 150 41
3 969 43
4 606 31
5 733 2
6 249 13
7 841 14
8 651 4
9 369 22
10 185 46
11 852 39
12 958 45
13 263 6
14 441 32
15 893 27
16 352 41
17 372 41
18 315 31
19 160 30
20 341 45
21 581 43
22 480 22
23 605 37
24 43 34
25 384 5
26 391 20
27 377 48
28 296 26
29 985 25
30 163 18
31 700 18
32 417 41
33 837 38
34 47 10
35 26 1
36 819 24
37 375 30
38 580 26
39 301 41
40 858 46
41 92 35
42 27 38
43 12 20
44 735 3
45 182 21
46 823 14
47 435 31
48 209 40
49 749 22
50 827 17
51 887 8
52 65 24
53 59 23
54 572 44
55 239 45
56 801 44
57 396 14
58 292 26
59 39 5
60 255 14
61 125 38
62 969 8
63 305 48
64 488 43
65 140 36
66 297 44
67 951 4
68 342 21
69 327 21
70 723 31
71 553 10
72 875 47
73 869 13
74 775 13
75 887 5
76 142 41
77 920 25
78 450 35
79 819 39
80 91 2
81 614 3
82 286 22
83 251 14
84 988 23
85 226 39
86 492 10
87 847 44
88 455 43
89 664 1
90 601 5
91 201 3
92 940 30
93 975 30
94 442 26
95 262 30
96 664 18
97 929 44
98 313 12
99 327 3
100 274 22
101 877 24
102 1 37
103 433 49
104 201 13
105 395 12
106 585 27
107 274 9
108 74 17
109 560 12
110 495 37
111 934 10
112 306 6
113 479 6
114 506 4
115 521 18
116 198 4
117 864 19
118 343 27
119 462 22
120 55 31
121 16 13
122 648 21
123 826 3
124 361 30
125 557 43
126 647 20
127 664 5
128 540 25
129 463 13
130 633 40
131 686 36
132 432 23
133 541 34
134 506 37
135 681 25
136 842 40
137 463 27
138 99 21
139 459 23
140 369 8
141 253 46
142 624 28
143 417 2
144 558 15
145 248 46
146 588 26
147 391 33
148 543 1
149 932 35
150 327 12
151 792 34
152 290 24
153 49 9
154 953 45
155 406 13
156 92 13
157 870 46
158 807 29
159 544 23
160 890 13
161 406 25
162 942 46
163 773 6
164 903 6
165 968 5
166 376 37
167 364 29
168 290 21
169 2 49
170 255 23
171 750 12
172 576 21
173 220 41
174 72 30
175 153 26
176 65 44
177 929 15
178 828 10
179 241 37
180 105 38
181 166 35
182 515 18
183 258 2
184 547 49
185 442 47
186 339 19
187 132 33
188 266 43
189 988 15
190 9 35
191 699 41
192 866 28
193 424 21
194 2 20
195 96 26
196 960 43
197 381 8
198 541 22
199 196 20
200 630 9
201 60 47
202 299 22
203 97 18
204 609 8
205 431 3
206 240 37
207 65 33
208 943 14
209 916 11
210 211 33
211 255 39
212 743 22
213 235 28
214 730 45
215 29 30
216 745 17
217 609 47
218 744 24
219 20 14
220 231 16
221 203 18
222 918 39
223 703 24
224 830 45
225 90 30
226 233 49
227 71 17
228 921 32
229 180 38
230 208 18
231 696 12
232 770 19
233 206 32
234 162 28
235 124 48
236 249 18
237 513 5
238 603 12
239 391 22
240 68 45
241 580 32
242 459 27
243 929 4
244 213 15
245 732 35
246 559 40
247 232 39
248 552 41
249 674 5
250 670 29
251 774 47
252 587 15
253 873 12
254 42 40
255 268 3
256 833 8
257 158 21
258 742 7
259 82 25
260 839 41
261 431 35
262 440 4
263 815 13
264 312 37
265 874 21
266 235 15
267 566 31
268 454 12
269 870 46
270 98 34
271 348 23
272 361 12
273 95 48
274 189 32
275 319 11
276 228 37
277 369 21
278 163 37
279 576 23
280 500 43
281 242 11
282 815 44
283 393 35
284 918 42
285 733 7
286 362 48
287 900 27
288 279 33
289 699 25
290 584 45
291 86 34
292 502 38
293 45 44
294 267 2
295 329 13
296 446 43
297 920 37
298 575 44
299 50 43
300 354 48
301 479 12
302 689 27
303 618 34
304 342 39
305 846 8
306 297 12
307 75 3
308 767 12
309 655 38
310 505 39
311 956 16
312 330 19
313 258 6
314 45 35
315 29 19
316 301 10
317 770 40
318 385 6
319 937 14
320 370 41
321 911 44
322 809 42
323 624 7
324 303 1
325 87 45
326 767 1
327 699 5
328 805 13
329 747 19
330 43 16
331 395 7
332 732 24
333 962 42
334 466 12
335 989 43
336 721 35
337 46 15
338 108 49
339 305 32
340 616 17
341 268 5
342 38 6
343 41 2
344 554 31
345 230 36
346 52 30
347 82 41
348 467 31
349 161 42
350 870 19
351 888 4
352 665 31
353 887 43
354 263 31
355 191 42
356 573 47
357 403 3
358 976 4
359 644 1
360 966 48
361 810 35
362 884 19
363 988 36
364 12 40
365 671 11
366 953 10
367 257 41
368 356 40
369 894 34
370 412 47
371 166 7
372 110 32
373 846 8
374 355 20
375 641 31
376 844 40
377 18 41
378 824 14
379 253 26
380 36 33
381 986 39
382 589 27
383 774 41
384 145 7
385 679 5
386 48 47
387 9 21
388 151 23
389 186 1
390 104 34
391 935 15
392 286 10
393 525 9
394 42 7
395 380 11
396 74 38
397 603 9
398 98 19
399 107 33
400 8 32
401 251 40
402 733 1
403 164 11
404 459 24
405 214 44
406 300 48
407 903 17
408 44 11
409 829 33
410 933 26
411 446 1
412 45 2
413 838 19
414 23 21
415 166 39
416 560 49
417 988 47
418 907 2
419 36 6
420 476 25
421 730 20
422 152 39
423 692 24
424 37 7
425 420 7
426 309 16
427 76 15
428 484 35
429 839 47
430 156 49
431 222 17
432 398 49
433 309 36
434 71 12
435 960 9
436 420 26
437 586 49
438 864 32
439 929 20
440 529 42
441 756 17
442 189 29
443 683 35
444 418 41
445 146 30
446 610 38
447 289 38
448 146 29
449 307 31
450 823 4
451 958 35
452 575 37
453 276 47
454 550 10
455 247 33
456 164 21
457 633 11
458 890 19
459 445 49
460 366 43
461 679 17
462 426 28
463 937 37
464 881 23
465 264 42
466 887 30
467 756 25
468 600 34
469 912 43
470 390 4
471 546 39
472 939 12
473 439 28
474 572 44
475 433 37
476 461 1
477 613 10
478 334 21
479 891 30
480 673 15
481 499 3
482 411 21
483 953 16
484 348 46
485 180 49
486 892 7
487 162 24
488 950 44
489 215 38
490 231 34
491 580 37
492 445 42
493 870 48
494 62 9
495 458 19
496 84 32
497 870 27
498 566 5
499 449 6
500 292 18
501 946 31
502 994 17
503 642 25
504 852 7
505 609 48
506 706 5
507 280 26
508 455 27
509 375 28
510 254 2
511 570 29
512 175 20
513 56 47
514 664 6
515 203 22
516 940 9
517 942 20
518 586 31
519 931 23
520 314 29
521 62 31
522 380 28
523 637 15
524 482 25
525 327 31
526 821 38
527 650 1
528 964 21
529 722 38
530 204 33
531 889 18
532 444 21
533 306 6
534 940 33
535 950 42
536 384 47
537 229 23
538 72 8
539 434 14
540 383 39
541 810 48
542 26 15
543 764 11
544 322 20
545 428 44
546 457 47
547 310 35
548 224 18
549 344 49
550 708 35
551 610 25
552 420 14
553 883 38
554 549 29
555 732 28
556 593 22
557 722 35
558 278 42
559 997 22
560 6 28
561 723 42
562 594 26
563 301 20
564 608 3
565 240 22
566 966 7
567 75 29
568 376 11
569 297 3
570 640 47
571 174 45
572 375 3
573 988 25
574 689 2
575 129 17
576 474 12
577 509 1
578 482 25
579 896 26
580 463 14
581 362 17
582 283 33
583 140 11
584 621 33
585 165 8
586 483 42
587 264 41
588 656 12
589 801 41
590 658 45
591 196 3
592 22 20
593 832 2
594 448 25
595 877 6
596 117 45
597 291 41
598 107 19
599 188 46
600 306 18
601 40 1
602 567 45
603 731 47
604 596 41
605 37 49
606 450 23
607 722 21
608 300 18
609 389 44
610 504 36
611 684 47
612 977 46
613 126 30
614 961 37
615 179 7
616 946 1
617 478 41
618 648 6
619 774 36
620 805 4
621 426 22
622 279 18
623 230 32
624 151 34
625 108 13
626 319 24
627 448 22
628 37 1
629 828 48
630 604 6
631 910 28
632 291 28
633 10 37
634 461 33
635 178 35
636 686 23
637 891 1
638 382 42
639 400 26
640 325 33
641 871 29
642 635 38
643 128 6
644 412 49
645 826 45
646 823 38
647 712 39
648 948 27
649 761 46
650 308 41
651 133 3
652 476 37
653 764 24
654 386 12
655 117 39
656 92 8
657 419 8
658 945 7
659 575 48
660 535 5
661 270 28
662 80 38
663 651 17
664 846 38
665 899 22
666 488 11
667 70 8
668 829 21
669 638 1
670 520 11
671 782 22
672 531 42
673 378 8
674 436 19
675 628 17
676 397 5
677 395 30
678 73 26
679 413 20
680 818 43
681 193 41
682 842 38
683 374 25
684 338 31
685 960 17
686 771 2
687 373 44
688 223 42
689 89 24
690 973 10
691 916 13
692 588 19
693 84 36
694 41 37
695 136 18
696 236 32
697 946 2
698 199 3
699 6 49
700 346 45
701 277 5
702 812 20
703 153 18
704 436 33
705 797 30
706 339 49
707 294 42
708 597 16
709 826 16
710 708 44
711 113 1
712 398 41
713 291 18
714 398 10
715 753 21
716 430 26
717 217 32
718 492 17
719 317 13
720 566 39
721 20 11
722 582 13
723 606 9
724 831 7
725 715 9
726 827 41
727 114 4
728 769 9
729 388 24
730 849 46
731 8 41
732 996 3
733 977 26
734 628 9
735 128 26
736 474 23
737 399 48
738 951 42
739 803 49
740 541 8
741 102 4
742 470 43
743 227 23
744 573 2
745 295 33
746 766 8
747 55 20
748 887 6
749 344 23
750 16 20
751 700 26
752 349 21
753 519 35
754 400 23
755 161 28
756 180 47
757 733 29
758 365 12
759 734 26
760 6 49
761 568 29
762 956 48
763 134 40
764 545 32
765 559 42
766 50 34
767 985 43
768 890 17
769 46 7
770 68 10
771 497 19
772 398 6
773 266 29
774 486 36
775 614 17
776 854 33
777 627 9
778 479 20
779 146 11
780 907 1
781 175 16
782 804 38
783 582 28
784 516 2
785 721 32
786 793 23
787 109 12
788 277 32
789 585 34
790 195 43
791 827 41
792 214 30
793 203 7
794 502 17
795 824 2
796 371 22
797 967 41
798 595 39
799 21 21
800 57 49
801 735 27
802 964 14
803 2 47
804 382 19
805 867 40
806 141 29
807 614 20
808 523 35
809 111 23
810 305 16
811 488 35
812 526 15
813 403 34
814 716 3
815 819 49
816 117 35
817 731 19
818 811 33
819 767 10
820 616 2
821 783 38
822 149 37
823 926 13
824 668 12
825 86 38
826 409 44
827 100 18
828 464 24
829 121 3
830 343 13
831 388 31
832 221 45
833 372 41
834 85 19
835 943 5
836 381 11
837 698 14
838 490 40
839 914 17
840 92 3
841 241 27
842 433 28
843 929 13
844 165 24
845 827 45
846 775 1
847 627 6
848 730 25
849 735 45
850 595 42
851 860 32
852 205 41
853 587 5
854 93 27
855 141 16
856 731 34
857 908 16
858 709 39
859 355 46
860 272 47
861 438 11
862 467 8
863 214 16
864 149 27
865 0 44
866 763 48
867 364 1
868 379 7
869 213 38
870 672 44
871 808 44
872 395 27
873 558 25
874 896 24
875 212 7
876 855 1
877 815 32
878 977 23
879 563 7
880 220 47
881 56 21
882 466 29
883 942 38
884 81 24
885 817 40
886 475 47
887 351 44
888 618 27
889 161 23
890 610 10
891 341 33
892 717 24
893 262 40
894 529 24
895 58 17
896 878 16
897 658 37
898 314 9
899 229 4
900 557 11
901 200 39
902 998 24
903 100 23
904 753 30
905 657 46
906 38 42
907 570 41
908 560 8
909 75 30
910 926 28
911 227 5
912 17 41
913 546 1
914 854 7
915 895 22
916 205 13
917 393 20
918 533 12
919 710 44
920 871 3
921 454 31
922 740 30
923 724 29
924 69 18
925 168 22
926 410 47
927 553 24
928 664 38
929 103 35
930 551 6
931 186 41
932 167 1
933 416 34
934 886 36
935 157 27
936 842 14
937 883 49
938 823 47
939 812 36
940 62 18
941 947 36
942 787 43
943 266 41
944 717 6
945 710 20
946 771 17
947 124 12
948 851 6
949 419 40
950 370 11
951 313 2
952 81 26
953 987 18
954 20 10
955 628 27
956 335 22
957 206 41
958 773 13
959 612 8
960 999 23
961 501 14
962 668 27
963 386 12
964 236 21
965 154 38
966 499 38
967 482 42
968 693 33
969 591 38
970 351 17
971 740 36
972 317 37
973 879 33
974 742 25
975 566 30
976 345 46
977 748 39
978 245 12
979 403 21
980 319 18
981 548 45
982 916 42
983 201 15
984 849 20
985 886 4
986 373 30
987 924 6
988 838 36
989 417 20
990 48 45
991 215 26
992 937 38
993 592 39
994 991 23
995 951 38
996 71 24
997 291 36
998 261 25
999 650 11
